```shell
BAGUETTE
                 article  presence  quantity  average bought  weighted  not weighted
0               BAGUETTE     63396  104683.0        1.651256  0.530505      0.519027
3              CROISSANT      8545   21505.0        2.516676  0.108982      0.069958
1       PAIN AU CHOCOLAT      6895   16481.0        2.390283  0.083521      0.056450
2                   PAIN     12190   13743.0        1.127400  0.069646      0.099800
4                  COUPE      9722   10908.0        1.121991  0.055279      0.079595
17  Others (37 articles)      3284    5115.0        1.557552  0.025921      0.026886
19            TARTELETTE      1998    3472.0        1.737738  0.017595      0.016358
21                ECLAIR      1300    2401.0        1.846923  0.012168      0.010643
11            PATISSERIE      1271    2228.0        1.752950  0.011291      0.010406
6           KOUIGN AMANN      1343    2146.0        1.597915  0.010875      0.010995
8                MOISSON      1665    1778.0        1.067868  0.009010      0.013631
5               SANDWICH      1215    1582.0        1.302058  0.008017      0.009947
12      PAIN AUX RAISINS      1109    1498.0        1.350766  0.007591      0.009079
10               BRIOCHE      1327    1400.0        1.055011  0.007095      0.010864
20                  FLAN       848    1167.0        1.376179  0.005914      0.006943
15            FAR BRETON      1082    1159.0        1.071165  0.005873      0.008858
16   CHAUSSON AUX POMMES       819    1151.0        1.405372  0.005833      0.006705
14          VIENNOISERIE      1008    1053.0        1.044643  0.005336      0.008253
18               NANTAIS       593     878.0        1.480607  0.004449      0.004855
13             FINANCIER       595     713.0        1.198319  0.003613      0.004871
9                BOISSON       483     614.0        1.271222  0.003112      0.003954
23                 TARTE       568     611.0        1.075704  0.003096      0.004650
24              TRAITEUR       420     477.0        1.135714  0.002417      0.003439
7                GALETTE       285     297.0        1.042105  0.001505      0.002333
22                 ROYAL       183     267.0        1.459016  0.001353      0.001498

                 article  presence  quantity  average bought  weighted  not weighted
0               BAGUETTE     63396  104683.0        1.651256  0.530505      0.519027
2                   PAIN     12190   13743.0        1.127400  0.069646      0.099800
4                  COUPE      9722   10908.0        1.121991  0.055279      0.079595
3              CROISSANT      8545   21505.0        2.516676  0.108982      0.069958
1       PAIN AU CHOCOLAT      6895   16481.0        2.390283  0.083521      0.056450
17  Others (37 articles)      3284    5115.0        1.557552  0.025921      0.026886
19            TARTELETTE      1998    3472.0        1.737738  0.017595      0.016358
8                MOISSON      1665    1778.0        1.067868  0.009010      0.013631
6           KOUIGN AMANN      1343    2146.0        1.597915  0.010875      0.010995
10               BRIOCHE      1327    1400.0        1.055011  0.007095      0.010864
21                ECLAIR      1300    2401.0        1.846923  0.012168      0.010643
11            PATISSERIE      1271    2228.0        1.752950  0.011291      0.010406
5               SANDWICH      1215    1582.0        1.302058  0.008017      0.009947
12      PAIN AUX RAISINS      1109    1498.0        1.350766  0.007591      0.009079
15            FAR BRETON      1082    1159.0        1.071165  0.005873      0.008858
14          VIENNOISERIE      1008    1053.0        1.044643  0.005336      0.008253
20                  FLAN       848    1167.0        1.376179  0.005914      0.006943
16   CHAUSSON AUX POMMES       819    1151.0        1.405372  0.005833      0.006705
13             FINANCIER       595     713.0        1.198319  0.003613      0.004871
18               NANTAIS       593     878.0        1.480607  0.004449      0.004855
23                 TARTE       568     611.0        1.075704  0.003096      0.004650
9                BOISSON       483     614.0        1.271222  0.003112      0.003954
24              TRAITEUR       420     477.0        1.135714  0.002417      0.003439
7                GALETTE       285     297.0        1.042105  0.001505      0.002333
22                 ROYAL       183     267.0        1.459016  0.001353      0.001498


SANDWICH
                 article  presence  quantity  average bought  weighted  not weighted
0               SANDWICH      4563    5626.0        1.232961  0.489771      0.508469
1               BAGUETTE      1215    1582.0        1.302058  0.137721      0.135391
9                BOISSON       741     876.0        1.182186  0.076260      0.082572
2       PAIN AU CHOCOLAT       417     731.0        1.752998  0.063637      0.046468
4              CROISSANT       322     600.0        1.863354  0.052233      0.035881
3                   PAIN       322     355.0        1.102484  0.030905      0.035881
11            PATISSERIE       207     305.0        1.473430  0.026552      0.023067
17  Others (37 articles)       201     254.0        1.263682  0.022112      0.022398
5                  COUPE       192     206.0        1.072917  0.017933      0.021395
19            TARTELETTE       119     166.0        1.394958  0.014451      0.013261
20                  FLAN        73      88.0        1.205479  0.007661      0.008135
12      PAIN AUX RAISINS        66      86.0        1.303030  0.007487      0.007355
6           KOUIGN AMANN        64      85.0        1.328125  0.007400      0.007132
16   CHAUSSON AUX POMMES        76      84.0        1.105263  0.007313      0.008469
21                ECLAIR        54      79.0        1.462963  0.006877      0.006017
24              TRAITEUR        74      74.0        1.000000  0.006442      0.008246
13             FINANCIER        49      58.0        1.183673  0.005049      0.005460
15            FAR BRETON        54      56.0        1.037037  0.004875      0.006017
14          VIENNOISERIE        61      55.0        0.901639  0.004788      0.006797
8                MOISSON        37      42.0        1.135135  0.003656      0.004123
18               NANTAIS        25      37.0        1.480000  0.003221      0.002786
10               BRIOCHE        31      30.0        0.967742  0.002612      0.003454
23                 TARTE         6       6.0        1.000000  0.000522      0.000669
7                GALETTE         3       3.0        1.000000  0.000261      0.000334
22                 ROYAL         2       3.0        1.500000  0.000261      0.000223

                 article  presence  quantity  average bought  weighted  not weighted
0               SANDWICH      4563    5626.0        1.232961  0.489771      0.508469
1               BAGUETTE      1215    1582.0        1.302058  0.137721      0.135391
9                BOISSON       741     876.0        1.182186  0.076260      0.082572
2       PAIN AU CHOCOLAT       417     731.0        1.752998  0.063637      0.046468
3                   PAIN       322     355.0        1.102484  0.030905      0.035881
4              CROISSANT       322     600.0        1.863354  0.052233      0.035881
11            PATISSERIE       207     305.0        1.473430  0.026552      0.023067
17  Others (37 articles)       201     254.0        1.263682  0.022112      0.022398
5                  COUPE       192     206.0        1.072917  0.017933      0.021395
19            TARTELETTE       119     166.0        1.394958  0.014451      0.013261
16   CHAUSSON AUX POMMES        76      84.0        1.105263  0.007313      0.008469
24              TRAITEUR        74      74.0        1.000000  0.006442      0.008246
20                  FLAN        73      88.0        1.205479  0.007661      0.008135
12      PAIN AUX RAISINS        66      86.0        1.303030  0.007487      0.007355
6           KOUIGN AMANN        64      85.0        1.328125  0.007400      0.007132
14          VIENNOISERIE        61      55.0        0.901639  0.004788      0.006797
15            FAR BRETON        54      56.0        1.037037  0.004875      0.006017
21                ECLAIR        54      79.0        1.462963  0.006877      0.006017
13             FINANCIER        49      58.0        1.183673  0.005049      0.005460
8                MOISSON        37      42.0        1.135135  0.003656      0.004123
10               BRIOCHE        31      30.0        0.967742  0.002612      0.003454
18               NANTAIS        25      37.0        1.480000  0.003221      0.002786
23                 TARTE         6       6.0        1.000000  0.000522      0.000669
7                GALETTE         3       3.0        1.000000  0.000261      0.000334
22                 ROYAL         2       3.0        1.500000  0.000261      0.000223


PAIN
                 article  presence  quantity  average bought  weighted  not weighted
4                  COUPE     17250   19852.0        1.150841  0.325838      0.397548
1               BAGUETTE     12190   19532.0        1.602297  0.320586      0.280934
0                   PAIN      4136    4856.0        1.174081  0.079703      0.095319
3              CROISSANT      1847    4411.0        2.388197  0.072399      0.042566
2       PAIN AU CHOCOLAT      1412    3045.0        2.156516  0.049979      0.032541
17  Others (37 articles)       928    1482.0        1.596983  0.024325      0.021387
19            TARTELETTE       545     990.0        1.816514  0.016249      0.012560
11            PATISSERIE       522     932.0        1.785441  0.015297      0.012030
21                ECLAIR       368     673.0        1.828804  0.011046      0.008481
6           KOUIGN AMANN       383     599.0        1.563969  0.009832      0.008827
8                MOISSON       545     590.0        1.082569  0.009684      0.012560
10               BRIOCHE       501     536.0        1.069860  0.008798      0.011546
5               SANDWICH       322     414.0        1.285714  0.006795      0.007421
12      PAIN AUX RAISINS       299     396.0        1.324415  0.006500      0.006891
15            FAR BRETON       333     355.0        1.066066  0.005827      0.007674
20                  FLAN       246     355.0        1.443089  0.005827      0.005669
18               NANTAIS       223     323.0        1.448430  0.005302      0.005139
14          VIENNOISERIE       311     318.0        1.022508  0.005219      0.007167
13             FINANCIER       225     279.0        1.240000  0.004579      0.005185
16   CHAUSSON AUX POMMES       194     263.0        1.355670  0.004317      0.004471
9                BOISSON       174     214.0        1.229885  0.003512      0.004010
23                 TARTE       185     199.0        1.075676  0.003266      0.004264
24              TRAITEUR        98     119.0        1.214286  0.001953      0.002259
7                GALETTE        97     100.0        1.030928  0.001641      0.002235
22                 ROYAL        57      93.0        1.631579  0.001526      0.001314

                 article  presence  quantity  average bought  weighted  not weighted
4                  COUPE     17250   19852.0        1.150841  0.325838      0.397548
1               BAGUETTE     12190   19532.0        1.602297  0.320586      0.280934
0                   PAIN      4136    4856.0        1.174081  0.079703      0.095319
3              CROISSANT      1847    4411.0        2.388197  0.072399      0.042566
2       PAIN AU CHOCOLAT      1412    3045.0        2.156516  0.049979      0.032541
17  Others (37 articles)       928    1482.0        1.596983  0.024325      0.021387
8                MOISSON       545     590.0        1.082569  0.009684      0.012560
19            TARTELETTE       545     990.0        1.816514  0.016249      0.012560
11            PATISSERIE       522     932.0        1.785441  0.015297      0.012030
10               BRIOCHE       501     536.0        1.069860  0.008798      0.011546
6           KOUIGN AMANN       383     599.0        1.563969  0.009832      0.008827
21                ECLAIR       368     673.0        1.828804  0.011046      0.008481
15            FAR BRETON       333     355.0        1.066066  0.005827      0.007674
5               SANDWICH       322     414.0        1.285714  0.006795      0.007421
14          VIENNOISERIE       311     318.0        1.022508  0.005219      0.007167
12      PAIN AUX RAISINS       299     396.0        1.324415  0.006500      0.006891
20                  FLAN       246     355.0        1.443089  0.005827      0.005669
13             FINANCIER       225     279.0        1.240000  0.004579      0.005185
18               NANTAIS       223     323.0        1.448430  0.005302      0.005139
16   CHAUSSON AUX POMMES       194     263.0        1.355670  0.004317      0.004471
23                 TARTE       185     199.0        1.075676  0.003266      0.004264
9                BOISSON       174     214.0        1.229885  0.003512      0.004010
24              TRAITEUR        98     119.0        1.214286  0.001953      0.002259
7                GALETTE        97     100.0        1.030928  0.001641      0.002235
22                 ROYAL        57      93.0        1.631579  0.001526      0.001314


CROISSANT
                 article  presence  quantity  average bought  weighted  not weighted
2       PAIN AU CHOCOLAT      5852   14794.0        2.528025  0.354543      0.250449
1               BAGUETTE      8545   14306.0        1.674195  0.342848      0.365702
0              CROISSANT       869    2195.0        2.525892  0.052604      0.037191
3                   PAIN      1847    2149.0        1.163508  0.051501      0.079046
4                  COUPE      1327    1547.0        1.165787  0.037074      0.056792
12      PAIN AUX RAISINS       836    1137.0        1.360048  0.027249      0.035778
17  Others (37 articles)       529     805.0        1.521739  0.019292      0.022640
11            PATISSERIE       433     717.0        1.655889  0.017183      0.018531
9                BOISSON       497     653.0        1.313883  0.015649      0.021270
16   CHAUSSON AUX POMMES       441     597.0        1.353741  0.014307      0.018874
6           KOUIGN AMANN       284     426.0        1.500000  0.010209      0.012154
5               SANDWICH       322     420.0        1.304348  0.010065      0.013781
19            TARTELETTE       236     360.0        1.525424  0.008628      0.010100
10               BRIOCHE       297     313.0        1.053872  0.007501      0.012711
21                ECLAIR       167     281.0        1.682635  0.006734      0.007147
8                MOISSON       203     219.0        1.078818  0.005248      0.008688
20                  FLAN       108     158.0        1.462963  0.003787      0.004622
14          VIENNOISERIE       135     143.0        1.059259  0.003427      0.005778
18               NANTAIS        91     130.0        1.428571  0.003115      0.003895
15            FAR BRETON       108     115.0        1.064815  0.002756      0.004622
13             FINANCIER        82      91.0        1.109756  0.002181      0.003509
23                 TARTE        62      65.0        1.048387  0.001558      0.002653
24              TRAITEUR        51      56.0        1.098039  0.001342      0.002183
7                GALETTE        27      31.0        1.148148  0.000743      0.001156
22                 ROYAL        17      19.0        1.117647  0.000455      0.000728

                 article  presence  quantity  average bought  weighted  not weighted
1               BAGUETTE      8545   14306.0        1.674195  0.342848      0.365702
2       PAIN AU CHOCOLAT      5852   14794.0        2.528025  0.354543      0.250449
3                   PAIN      1847    2149.0        1.163508  0.051501      0.079046
4                  COUPE      1327    1547.0        1.165787  0.037074      0.056792
0              CROISSANT       869    2195.0        2.525892  0.052604      0.037191
12      PAIN AUX RAISINS       836    1137.0        1.360048  0.027249      0.035778
17  Others (37 articles)       529     805.0        1.521739  0.019292      0.022640
9                BOISSON       497     653.0        1.313883  0.015649      0.021270
16   CHAUSSON AUX POMMES       441     597.0        1.353741  0.014307      0.018874
11            PATISSERIE       433     717.0        1.655889  0.017183      0.018531
5               SANDWICH       322     420.0        1.304348  0.010065      0.013781
10               BRIOCHE       297     313.0        1.053872  0.007501      0.012711
6           KOUIGN AMANN       284     426.0        1.500000  0.010209      0.012154
19            TARTELETTE       236     360.0        1.525424  0.008628      0.010100
8                MOISSON       203     219.0        1.078818  0.005248      0.008688
21                ECLAIR       167     281.0        1.682635  0.006734      0.007147
14          VIENNOISERIE       135     143.0        1.059259  0.003427      0.005778
20                  FLAN       108     158.0        1.462963  0.003787      0.004622
15            FAR BRETON       108     115.0        1.064815  0.002756      0.004622
18               NANTAIS        91     130.0        1.428571  0.003115      0.003895
13             FINANCIER        82      91.0        1.109756  0.002181      0.003509
23                 TARTE        62      65.0        1.048387  0.001558      0.002653
24              TRAITEUR        51      56.0        1.098039  0.001342      0.002183
7                GALETTE        27      31.0        1.148148  0.000743      0.001156
22                 ROYAL        17      19.0        1.117647  0.000455      0.000728


PAIN AU CHOCOLAT
                 article  presence  quantity  average bought  weighted  not weighted
3              CROISSANT      5852   15073.0        2.575701  0.382331      0.272300
1               BAGUETTE      6895   11808.0        1.712545  0.299513      0.320832
0       PAIN AU CHOCOLAT      1104    2442.0        2.211957  0.061942      0.051370
2                   PAIN      1412    1647.0        1.166431  0.041777      0.065702
12      PAIN AUX RAISINS       852    1193.0        1.400235  0.030261      0.039645
4                  COUPE       931    1103.0        1.184748  0.027978      0.043320
11            PATISSERIE       553     949.0        1.716094  0.024072      0.025732
9                BOISSON       651     886.0        1.360983  0.022474      0.030292
17  Others (37 articles)       532     800.0        1.503759  0.020292      0.024755
16   CHAUSSON AUX POMMES       549     735.0        1.338798  0.018643      0.025546
5               SANDWICH       417     544.0        1.304556  0.013799      0.019403
6           KOUIGN AMANN       310     443.0        1.429032  0.011237      0.014425
21                ECLAIR       206     342.0        1.660194  0.008675      0.009585
19            TARTELETTE       215     314.0        1.460465  0.007965      0.010004
10               BRIOCHE       234     242.0        1.034188  0.006138      0.010888
8                MOISSON       159     176.0        1.106918  0.004464      0.007398
14          VIENNOISERIE       139     148.0        1.064748  0.003754      0.006468
20                  FLAN        97     139.0        1.432990  0.003526      0.004514
15            FAR BRETON       104     112.0        1.076923  0.002841      0.004839
18               NANTAIS        65      85.0        1.307692  0.002156      0.003025
13             FINANCIER        77      84.0        1.090909  0.002131      0.003583
24              TRAITEUR        52      56.0        1.076923  0.001420      0.002420
23                 TARTE        46      51.0        1.108696  0.001294      0.002140
22                 ROYAL        16      26.0        1.625000  0.000659      0.000744
7                GALETTE        23      26.0        1.130435  0.000659      0.001070

                 article  presence  quantity  average bought  weighted  not weighted
1               BAGUETTE      6895   11808.0        1.712545  0.299513      0.320832
3              CROISSANT      5852   15073.0        2.575701  0.382331      0.272300
2                   PAIN      1412    1647.0        1.166431  0.041777      0.065702
0       PAIN AU CHOCOLAT      1104    2442.0        2.211957  0.061942      0.051370
4                  COUPE       931    1103.0        1.184748  0.027978      0.043320
12      PAIN AUX RAISINS       852    1193.0        1.400235  0.030261      0.039645
9                BOISSON       651     886.0        1.360983  0.022474      0.030292
11            PATISSERIE       553     949.0        1.716094  0.024072      0.025732
16   CHAUSSON AUX POMMES       549     735.0        1.338798  0.018643      0.025546
17  Others (37 articles)       532     800.0        1.503759  0.020292      0.024755
5               SANDWICH       417     544.0        1.304556  0.013799      0.019403
6           KOUIGN AMANN       310     443.0        1.429032  0.011237      0.014425
10               BRIOCHE       234     242.0        1.034188  0.006138      0.010888
19            TARTELETTE       215     314.0        1.460465  0.007965      0.010004
21                ECLAIR       206     342.0        1.660194  0.008675      0.009585
8                MOISSON       159     176.0        1.106918  0.004464      0.007398
14          VIENNOISERIE       139     148.0        1.064748  0.003754      0.006468
15            FAR BRETON       104     112.0        1.076923  0.002841      0.004839
20                  FLAN        97     139.0        1.432990  0.003526      0.004514
13             FINANCIER        77      84.0        1.090909  0.002131      0.003583
18               NANTAIS        65      85.0        1.307692  0.002156      0.003025
24              TRAITEUR        52      56.0        1.076923  0.001420      0.002420
23                 TARTE        46      51.0        1.108696  0.001294      0.002140
7                GALETTE        23      26.0        1.130435  0.000659      0.001070
22                 ROYAL        16      26.0        1.625000  0.000659      0.000744


Others (37 articles)
                 article  presence  quantity  average bought  weighted  not weighted
1               BAGUETTE      3284    5377.0        1.637333  0.350979      0.324282
19            TARTELETTE       992    1475.0        1.486895  0.096279      0.097956
3                   PAIN       928    1076.0        1.159483  0.070235      0.091636
4              CROISSANT       529    1010.0        1.909263  0.065927      0.052237
2       PAIN AU CHOCOLAT       532     989.0        1.859023  0.064556      0.052533
21                ECLAIR       572     963.0        1.683566  0.062859      0.056483
5                  COUPE       802     910.0        1.134663  0.059399      0.079194
0   Others (37 articles)       421     859.0        2.040380  0.056070      0.041572
12            PATISSERIE       215     357.0        1.660465  0.023303      0.021230
20                  FLAN       295     356.0        1.206780  0.023238      0.029130
7           KOUIGN AMANN       196     281.0        1.433673  0.018342      0.019354
6               SANDWICH       201     271.0        1.348259  0.017689      0.019848
10               BOISSON       190     257.0        1.352632  0.016775      0.018762
18               NANTAIS       147     202.0        1.374150  0.013185      0.014516
9                MOISSON       161     177.0        1.099379  0.011554      0.015898
17   CHAUSSON AUX POMMES       111     138.0        1.243243  0.009008      0.010961
22                 ROYAL        73     107.0        1.465753  0.006984      0.007208
15          VIENNOISERIE        88      92.0        1.045455  0.006005      0.008690
13      PAIN AUX RAISINS        70      86.0        1.228571  0.005614      0.006912
16            FAR BRETON        77      82.0        1.064935  0.005352      0.007603
11               BRIOCHE        77      78.0        1.012987  0.005091      0.007603
24              TRAITEUR        62      67.0        1.080645  0.004373      0.006122
14             FINANCIER        54      60.0        1.111111  0.003916      0.005332
23                 TARTE        43      43.0        1.000000  0.002807      0.004246
8                GALETTE         7       7.0        1.000000  0.000457      0.000691

                 article  presence  quantity  average bought  weighted  not weighted
1               BAGUETTE      3284    5377.0        1.637333  0.350979      0.324282
19            TARTELETTE       992    1475.0        1.486895  0.096279      0.097956
3                   PAIN       928    1076.0        1.159483  0.070235      0.091636
5                  COUPE       802     910.0        1.134663  0.059399      0.079194
21                ECLAIR       572     963.0        1.683566  0.062859      0.056483
2       PAIN AU CHOCOLAT       532     989.0        1.859023  0.064556      0.052533
4              CROISSANT       529    1010.0        1.909263  0.065927      0.052237
0   Others (37 articles)       421     859.0        2.040380  0.056070      0.041572
20                  FLAN       295     356.0        1.206780  0.023238      0.029130
12            PATISSERIE       215     357.0        1.660465  0.023303      0.021230
6               SANDWICH       201     271.0        1.348259  0.017689      0.019848
7           KOUIGN AMANN       196     281.0        1.433673  0.018342      0.019354
10               BOISSON       190     257.0        1.352632  0.016775      0.018762
9                MOISSON       161     177.0        1.099379  0.011554      0.015898
18               NANTAIS       147     202.0        1.374150  0.013185      0.014516
17   CHAUSSON AUX POMMES       111     138.0        1.243243  0.009008      0.010961
15          VIENNOISERIE        88      92.0        1.045455  0.006005      0.008690
11               BRIOCHE        77      78.0        1.012987  0.005091      0.007603
16            FAR BRETON        77      82.0        1.064935  0.005352      0.007603
22                 ROYAL        73     107.0        1.465753  0.006984      0.007208
13      PAIN AUX RAISINS        70      86.0        1.228571  0.005614      0.006912
24              TRAITEUR        62      67.0        1.080645  0.004373      0.006122
14             FINANCIER        54      60.0        1.111111  0.003916      0.005332
23                 TARTE        43      43.0        1.000000  0.002807      0.004246
8                GALETTE         7       7.0        1.000000  0.000457      0.000691


KOUIGN AMANN
                 article  presence  quantity  average bought  weighted  not weighted
1               BAGUETTE      1343    2401.0        1.787789  0.366789      0.337268
2       PAIN AU CHOCOLAT       310     713.0        2.300000  0.108921      0.077850
4              CROISSANT       284     708.0        2.492958  0.108158      0.071321
3                   PAIN       383     454.0        1.185379  0.069355      0.096183
0           KOUIGN AMANN       219     382.0        1.744292  0.058356      0.054997
5                  COUPE       272     307.0        1.128676  0.046899      0.068307
17  Others (37 articles)       196     270.0        1.377551  0.041247      0.049221
11            PATISSERIE       116     190.0        1.637931  0.029025      0.029131
18               NANTAIS        82     150.0        1.829268  0.022915      0.020593
19            TARTELETTE        89     139.0        1.561798  0.021234      0.022351
15            FAR BRETON       129     139.0        1.077519  0.021234      0.032396
16   CHAUSSON AUX POMMES        79     100.0        1.265823  0.015277      0.019839
21                ECLAIR        62      92.0        1.483871  0.014054      0.015570
6               SANDWICH        64      85.0        1.328125  0.012985      0.016072
8                MOISSON        59      68.0        1.152542  0.010388      0.014817
9                BOISSON        47      68.0        1.446809  0.010388      0.011803
12      PAIN AUX RAISINS        46      60.0        1.304348  0.009166      0.011552
10               BRIOCHE        47      50.0        1.063830  0.007638      0.011803
14          VIENNOISERIE        47      47.0        1.000000  0.007180      0.011803
13             FINANCIER        31      39.0        1.258065  0.005958      0.007785
23                 TARTE        37      38.0        1.027027  0.005805      0.009292
20                  FLAN        26      28.0        1.076923  0.004277      0.006529
22                 ROYAL         5       8.0        1.600000  0.001222      0.001256
24              TRAITEUR         7       8.0        1.142857  0.001222      0.001758
7                GALETTE         2       2.0        1.000000  0.000306      0.000502

                 article  presence  quantity  average bought  weighted  not weighted
1               BAGUETTE      1343    2401.0        1.787789  0.366789      0.337268
3                   PAIN       383     454.0        1.185379  0.069355      0.096183
2       PAIN AU CHOCOLAT       310     713.0        2.300000  0.108921      0.077850
4              CROISSANT       284     708.0        2.492958  0.108158      0.071321
5                  COUPE       272     307.0        1.128676  0.046899      0.068307
0           KOUIGN AMANN       219     382.0        1.744292  0.058356      0.054997
17  Others (37 articles)       196     270.0        1.377551  0.041247      0.049221
15            FAR BRETON       129     139.0        1.077519  0.021234      0.032396
11            PATISSERIE       116     190.0        1.637931  0.029025      0.029131
19            TARTELETTE        89     139.0        1.561798  0.021234      0.022351
18               NANTAIS        82     150.0        1.829268  0.022915      0.020593
16   CHAUSSON AUX POMMES        79     100.0        1.265823  0.015277      0.019839
6               SANDWICH        64      85.0        1.328125  0.012985      0.016072
21                ECLAIR        62      92.0        1.483871  0.014054      0.015570
8                MOISSON        59      68.0        1.152542  0.010388      0.014817
10               BRIOCHE        47      50.0        1.063830  0.007638      0.011803
14          VIENNOISERIE        47      47.0        1.000000  0.007180      0.011803
9                BOISSON        47      68.0        1.446809  0.010388      0.011803
12      PAIN AUX RAISINS        46      60.0        1.304348  0.009166      0.011552
23                 TARTE        37      38.0        1.027027  0.005805      0.009292
13             FINANCIER        31      39.0        1.258065  0.005958      0.007785
20                  FLAN        26      28.0        1.076923  0.004277      0.006529
24              TRAITEUR         7       8.0        1.142857  0.001222      0.001758
22                 ROYAL         5       8.0        1.600000  0.001222      0.001256
7                GALETTE         2       2.0        1.000000  0.000306      0.000502


TARTELETTE
                 article  presence  quantity  average bought  weighted  not weighted
1               BAGUETTE      1998    3054.0        1.528529  0.337981      0.311458
18  Others (37 articles)       992    1259.0        1.269153  0.139332      0.154638
21                ECLAIR       495     813.0        1.642424  0.089973      0.077163
3                   PAIN       545     596.0        1.093578  0.065958      0.084957
0             TARTELETTE       234     510.0        2.179487  0.056441      0.036477
5                  COUPE       468     498.0        1.064103  0.055113      0.072954
4              CROISSANT       236     405.0        1.716102  0.044821      0.036789
2       PAIN AU CHOCOLAT       215     373.0        1.734884  0.041279      0.033515
20                  FLAN       306     365.0        1.192810  0.040394      0.047701
6               SANDWICH       119     158.0        1.327731  0.017486      0.018550
12            PATISSERIE       111     152.0        1.369369  0.016822      0.017303
7           KOUIGN AMANN        89     123.0        1.382022  0.013612      0.013874
19               NANTAIS        90     117.0        1.300000  0.012948      0.014030
9                MOISSON       106     110.0        1.037736  0.012174      0.016524
10               BOISSON        67      86.0        1.283582  0.009517      0.010444
22                 ROYAL        54      81.0        1.500000  0.008964      0.008418
17   CHAUSSON AUX POMMES        52      71.0        1.365385  0.007857      0.008106
14             FINANCIER        45      57.0        1.266667  0.006308      0.007015
24              TRAITEUR        43      47.0        1.093023  0.005201      0.006703
16            FAR BRETON        36      38.0        1.055556  0.004205      0.005612
11               BRIOCHE        35      37.0        1.057143  0.004095      0.005456
15          VIENNOISERIE        31      36.0        1.161290  0.003984      0.004832
23                 TARTE        27      25.0        0.925926  0.002767      0.004209
13      PAIN AUX RAISINS        20      24.0        1.200000  0.002656      0.003118
8                GALETTE         1       1.0        1.000000  0.000111      0.000156

                 article  presence  quantity  average bought  weighted  not weighted
1               BAGUETTE      1998    3054.0        1.528529  0.337981      0.311458
18  Others (37 articles)       992    1259.0        1.269153  0.139332      0.154638
3                   PAIN       545     596.0        1.093578  0.065958      0.084957
21                ECLAIR       495     813.0        1.642424  0.089973      0.077163
5                  COUPE       468     498.0        1.064103  0.055113      0.072954
20                  FLAN       306     365.0        1.192810  0.040394      0.047701
4              CROISSANT       236     405.0        1.716102  0.044821      0.036789
0             TARTELETTE       234     510.0        2.179487  0.056441      0.036477
2       PAIN AU CHOCOLAT       215     373.0        1.734884  0.041279      0.033515
6               SANDWICH       119     158.0        1.327731  0.017486      0.018550
12            PATISSERIE       111     152.0        1.369369  0.016822      0.017303
9                MOISSON       106     110.0        1.037736  0.012174      0.016524
19               NANTAIS        90     117.0        1.300000  0.012948      0.014030
7           KOUIGN AMANN        89     123.0        1.382022  0.013612      0.013874
10               BOISSON        67      86.0        1.283582  0.009517      0.010444
22                 ROYAL        54      81.0        1.500000  0.008964      0.008418
17   CHAUSSON AUX POMMES        52      71.0        1.365385  0.007857      0.008106
14             FINANCIER        45      57.0        1.266667  0.006308      0.007015
24              TRAITEUR        43      47.0        1.093023  0.005201      0.006703
16            FAR BRETON        36      38.0        1.055556  0.004205      0.005612
11               BRIOCHE        35      37.0        1.057143  0.004095      0.005456
15          VIENNOISERIE        31      36.0        1.161290  0.003984      0.004832
23                 TARTE        27      25.0        0.925926  0.002767      0.004209
13      PAIN AUX RAISINS        20      24.0        1.200000  0.002656      0.003118
8                GALETTE         1       1.0        1.000000  0.000111      0.000156

TRAITEUR
                 article  presence  quantity  average bought  weighted  not weighted
1               BAGUETTE       420     546.0        1.300000  0.283342      0.273438
0               TRAITEUR       304     334.0        1.098684  0.173326      0.197917
10               BOISSON       169     200.0        1.183432  0.103788      0.110026
3                   PAIN        98     112.0        1.142857  0.058121      0.063802
2       PAIN AU CHOCOLAT        52     101.0        1.942308  0.052413      0.033854
6               SANDWICH        74      86.0        1.162162  0.044629      0.048177
5                  COUPE        74      84.0        1.135135  0.043591      0.048177
18  Others (37 articles)        62      83.0        1.338710  0.043072      0.040365
4              CROISSANT        51      77.0        1.509804  0.039958      0.033203
20            TARTELETTE        43      65.0        1.511628  0.033731      0.027995
22                ECLAIR        27      41.0        1.518519  0.021277      0.017578
12            PATISSERIE        25      31.0        1.240000  0.016087      0.016276
21                  FLAN        19      29.0        1.526316  0.015049      0.012370
14             FINANCIER        15      19.0        1.266667  0.009860      0.009766
9                MOISSON        16      18.0        1.125000  0.009341      0.010417
13      PAIN AUX RAISINS        13      17.0        1.307692  0.008822      0.008464
15          VIENNOISERIE        16      16.0        1.000000  0.008303      0.010417
17   CHAUSSON AUX POMMES        14      16.0        1.142857  0.008303      0.009115
16            FAR BRETON        14      14.0        1.000000  0.007265      0.009115
19               NANTAIS         8      13.0        1.625000  0.006746      0.005208
7           KOUIGN AMANN         7       7.0        1.000000  0.003633      0.004557
11               BRIOCHE         6       6.0        1.000000  0.003114      0.003906
8                GALETTE         5       5.0        1.000000  0.002595      0.003255
23                 ROYAL         1       4.0        4.000000  0.002076      0.000651
24                 TARTE         3       3.0        1.000000  0.001557      0.001953

                 article  presence  quantity  average bought  weighted  not weighted
1               BAGUETTE       420     546.0        1.300000  0.283342      0.273438
0               TRAITEUR       304     334.0        1.098684  0.173326      0.197917
10               BOISSON       169     200.0        1.183432  0.103788      0.110026
3                   PAIN        98     112.0        1.142857  0.058121      0.063802
5                  COUPE        74      84.0        1.135135  0.043591      0.048177
6               SANDWICH        74      86.0        1.162162  0.044629      0.048177
18  Others (37 articles)        62      83.0        1.338710  0.043072      0.040365
2       PAIN AU CHOCOLAT        52     101.0        1.942308  0.052413      0.033854
4              CROISSANT        51      77.0        1.509804  0.039958      0.033203
20            TARTELETTE        43      65.0        1.511628  0.033731      0.027995
22                ECLAIR        27      41.0        1.518519  0.021277      0.017578
12            PATISSERIE        25      31.0        1.240000  0.016087      0.016276
21                  FLAN        19      29.0        1.526316  0.015049      0.012370
15          VIENNOISERIE        16      16.0        1.000000  0.008303      0.010417
9                MOISSON        16      18.0        1.125000  0.009341      0.010417
14             FINANCIER        15      19.0        1.266667  0.009860      0.009766
16            FAR BRETON        14      14.0        1.000000  0.007265      0.009115
17   CHAUSSON AUX POMMES        14      16.0        1.142857  0.008303      0.009115
13      PAIN AUX RAISINS        13      17.0        1.307692  0.008822      0.008464
19               NANTAIS         8      13.0        1.625000  0.006746      0.005208
7           KOUIGN AMANN         7       7.0        1.000000  0.003633      0.004557
11               BRIOCHE         6       6.0        1.000000  0.003114      0.003906
8                GALETTE         5       5.0        1.000000  0.002595      0.003255
24                 TARTE         3       3.0        1.000000  0.001557      0.001953
23                 ROYAL         1       4.0        4.000000  0.002076      0.000651


TARTE
